0.000000 -0.876478 0.105174 0.000000 0.076589 0.048604 0.199846
0.008369 -0.875835 0.105562 0.001672 0.077155 0.044022 0.199813
0.016738 -0.875187 0.105911 0.003344 0.077689 0.039460 0.199715
0.025107 -0.874535 0.106222 0.005015 0.078192 0.034919 0.199552
0.033477 -0.873878 0.106495 0.006684 0.078664 0.030398 0.199327
0.041846 -0.873218 0.106731 0.008351 0.079104 0.025899 0.199040
0.050215 -0.872554 0.106929 0.010016 0.079512 0.021423 0.198692
0.058584 -0.871887 0.107090 0.011677 0.079889 0.016970 0.198286
0.066953 -0.871217 0.107213 0.013335 0.080233 0.012542 0.197820
0.075322 -0.870544 0.107300 0.014988 0.080545 0.008138 0.197298
0.083691 -0.869869 0.107349 0.016637 0.080826 0.003759 0.196720
0.092061 -0.869191 0.107363 0.018281 0.081074 -0.000593 0.196086
0.100430 -0.868512 0.107340 0.019919 0.081289 -0.004918 0.195399
0.108799 -0.867831 0.107280 0.021551 0.081473 -0.009217 0.194658
0.117168 -0.867148 0.107185 0.023177 0.081624 -0.013487 0.193865
0.125537 -0.866465 0.107055 0.024796 0.081743 -0.017728 0.193020
0.133906 -0.865780 0.106889 0.026408 0.081830 -0.021941 0.192126
0.142275 -0.865095 0.106688 0.028012 0.081885 -0.026124 0.191181
0.150645 -0.864410 0.106452 0.029608 0.081907 -0.030276 0.190188
0.159014 -0.863724 0.106181 0.031195 0.081898 -0.034397 0.189147
0.167383 -0.863039 0.105876 0.032773 0.081857 -0.038487 0.188059
0.175752 -0.862354 0.105537 0.034343 0.081784 -0.042545 0.186925
0.184121 -0.861670 0.105164 0.035902 0.081679 -0.046571 0.185745
0.192490 -0.860987 0.104757 0.037451 0.081543 -0.050563 0.184521
0.200859 -0.860305 0.104318 0.038990 0.081375 -0.054522 0.183252
0.209228 -0.859625 0.103845 0.040519 0.081177 -0.058447 0.181940
0.217598 -0.858947 0.103339 0.042036 0.080947 -0.062337 0.180585
0.225967 -0.858270 0.102802 0.043541 0.080686 -0.066192 0.179188
0.234336 -0.857596 0.102232 0.045035 0.080395 -0.070011 0.177750
0.242705 -0.856925 0.101630 0.046516 0.080073 -0.073794 0.176271
0.251074 -0.856256 0.100997 0.047985 0.079722 -0.077540 0.174753
0.259443 -0.855590 0.100332 0.049441 0.079340 -0.081249 0.173194
0.267812 -0.854928 0.099637 0.050884 0.078928 -0.084920 0.171597
0.276182 -0.854269 0.098911 0.052313 0.078487 -0.088552 0.169962
0.284551 -0.853614 0.098155 0.053729 0.078017 -0.092146 0.168289
0.292920 -0.852964 0.097368 0.055130 0.077517 -0.095701 0.166579
0.301289 -0.852317 0.096553 0.056517 0.076990 -0.099216 0.164833
0.309658 -0.851675 0.095708 0.057889 0.076433 -0.102690 0.163051
0.318027 -0.851038 0.094834 0.059246 0.075849 -0.106124 0.161234
0.326396 -0.850405 0.093932 0.060588 0.075236 -0.109516 0.159381
0.334766 -0.849778 0.093001 0.061914 0.074597 -0.112866 0.157495
0.343135 -0.849157 0.092043 0.063224 0.073930 -0.116174 0.155575
0.351504 -0.848541 0.091057 0.064518 0.073236 -0.119439 0.153622
0.359873 -0.847931 0.090044 0.065795 0.072516 -0.122661 0.151636
0.368242 -0.847327 0.089004 0.067056 0.071769 -0.125839 0.149618
0.376611 -0.846730 0.087937 0.068299 0.070997 -0.128973 0.147569
0.384980 -0.846139 0.086845 0.069526 0.070199 -0.132061 0.145488
0.393350 -0.845555 0.085727 0.070735 0.069376 -0.135104 0.143377
0.401719 -0.844978 0.084584 0.071926 0.068529 -0.138102 0.141237
0.410088 -0.844408 0.083416 0.073099 0.067657 -0.141053 0.139066
0.418457 -0.843846 0.082223 0.074253 0.066760 -0.143957 0.136867
0.426826 -0.843291 0.081006 0.075389 0.065841 -0.146813 0.134639
0.435195 -0.842744 0.079766 0.076507 0.064898 -0.149622 0.132384
0.443564 -0.842204 0.078502 0.077605 0.063932 -0.152383 0.130100
0.451934 -0.841673 0.077215 0.078684 0.062944 -0.155095 0.127791
0.460303 -0.841151 0.075906 0.079744 0.061933 -0.157757 0.125454
0.468672 -0.840637 0.074575 0.080784 0.060901 -0.160370 0.123092
0.477041 -0.840132 0.073222 0.081804 0.059848 -0.162932 0.120704
0.485410 -0.839635 0.071848 0.082805 0.058774 -0.165444 0.118292
0.493779 -0.839148 0.070453 0.083784 0.057680 -0.167905 0.115855
0.502148 -0.838670 0.069037 0.084744 0.056565 -0.170314 0.113394
0.510518 -0.838201 0.067602 0.085682 0.055431 -0.172671 0.110911
0.518887 -0.837742 0.066147 0.086600 0.054278 -0.174976 0.108404
0.527256 -0.837293 0.064673 0.087497 0.053106 -0.177227 0.105875
0.535625 -0.836853 0.063181 0.088372 0.051916 -0.179426 0.103324
0.543994 -0.836424 0.061670 0.089226 0.050709 -0.181570 0.100752
0.552363 -0.836004 0.060142 0.090059 0.049483 -0.183660 0.098160
0.560732 -0.835595 0.058596 0.090869 0.048241 -0.185696 0.095547
0.569102 -0.835197 0.057034 0.091658 0.046983 -0.187677 0.092915
0.577471 -0.834809 0.055455 0.092424 0.045708 -0.189602 0.090264
0.585840 -0.834432 0.053860 0.093169 0.044419 -0.191471 0.087594
0.594209 -0.834066 0.052250 0.093890 0.043113 -0.193285 0.084906
0.602578 -0.833710 0.050625 0.094590 0.041794 -0.195041 0.082200
0.610947 -0.833366 0.048986 0.095266 0.040460 -0.196741 0.079478
0.619316 -0.833033 0.047332 0.095920 0.039113 -0.198384 0.076740
0.627685 -0.832711 0.045665 0.096551 0.037752 -0.199969 0.073986
0.636055 -0.832401 0.043985 0.097158 0.036379 -0.201496 0.071216
0.644424 -0.832103 0.042293 0.097743 0.034993 -0.202964 0.068432
0.652793 -0.831816 0.040588 0.098304 0.033596 -0.204375 0.065634
0.661162 -0.831540 0.038872 0.098841 0.032187 -0.205726 0.062822
0.669531 -0.831277 0.037145 0.099355 0.030768 -0.207018 0.059998
0.677900 -0.831025 0.035407 0.099845 0.029338 -0.208251 0.057161
0.686269 -0.830786 0.033659 0.100312 0.027899 -0.209424 0.054312
0.694639 -0.830558 0.031902 0.100755 0.026450 -0.210537 0.051452
0.703008 -0.830343 0.030135 0.101173 0.024992 -0.211590 0.048581
0.711377 -0.830140 0.028360 0.101568 0.023526 -0.212582 0.045701
0.719746 -0.829949 0.026577 0.101938 0.022053 -0.213514 0.042811
0.728115 -0.829771 0.024787 0.102284 0.020572 -0.214385 0.039912
0.736484 -0.829605 0.022989 0.102606 0.019084 -0.215195 0.037005
0.744853 -0.829452 0.021185 0.102904 0.017589 -0.215943 0.034090
0.753223 -0.829311 0.019375 0.103177 0.016089 -0.216630 0.031168
0.761592 -0.829182 0.017559 0.103425 0.014584 -0.217256 0.028240
0.769961 -0.829067 0.015738 0.103649 0.013074 -0.217820 0.025306
0.778330 -0.828963 0.013913 0.103849 0.011559 -0.218322 0.022367
0.786699 -0.828873 0.012084 0.104024 0.010041 -0.218762 0.019423
0.795068 -0.828795 0.010252 0.104174 0.008519 -0.219140 0.016475
0.803437 -0.828730 0.008416 0.104300 0.006994 -0.219456 0.013524
0.811807 -0.828678 0.006579 0.104400 0.005467 -0.219710 0.010570
0.820176 -0.828639 0.004739 0.104476 0.003939 -0.219902 0.007613
0.828545 -0.828612 0.002898 0.104528 0.002409 -0.220031 0.004656
0.836914 -0.828599 0.001056 0.104554 0.000878 -0.220098 0.001697
0.845283 -0.828598 -0.000786 0.104556 -0.000653 -0.220102 -0.001262
0.853652 -0.828610 -0.002628 0.104533 -0.002184 -0.220045 -0.004221
0.862021 -0.828634 -0.004469 0.104485 -0.003714 -0.219924 -0.007179
0.870391 -0.828672 -0.006309 0.104413 -0.005243 -0.219742 -0.010136
0.878760 -0.828722 -0.008147 0.104316 -0.006770 -0.219497 -0.013090
0.887129 -0.828785 -0.009983 0.104194 -0.008295 -0.219191 -0.016042
0.895498 -0.828861 -0.011816 0.104047 -0.009818 -0.218822 -0.018991
0.903867 -0.828949 -0.013645 0.103876 -0.011336 -0.218390 -0.021935
0.912236 -0.829051 -0.015471 0.103680 -0.012852 -0.217897 -0.024875
0.920605 -0.829164 -0.017292 0.103460 -0.014363 -0.217343 -0.027810
0.928975 -0.829291 -0.019109 0.103215 -0.015869 -0.216726 -0.030739
0.937344 -0.829430 -0.020920 0.102945 -0.017370 -0.216048 -0.033662
0.945713 -0.829582 -0.022725 0.102651 -0.018865 -0.215308 -0.036578
0.954082 -0.829746 -0.024523 0.102333 -0.020354 -0.214507 -0.039486
0.962451 -0.829922 -0.026315 0.101990 -0.021836 -0.213645 -0.042386
0.970820 -0.830111 -0.028099 0.101624 -0.023311 -0.212723 -0.045277
0.979189 -0.830313 -0.029875 0.101233 -0.024778 -0.211739 -0.048159
0.987558 -0.830526 -0.031643 0.100817 -0.026237 -0.210695 -0.051031
0.995928 -0.830752 -0.033402 0.100378 -0.027687 -0.209591 -0.053893
1.004297 -0.830989 -0.035151 0.099915 -0.029128 -0.208427 -0.056743
1.012666 -0.831239 -0.036890 0.099429 -0.030559 -0.207203 -0.059582
1.021035 -0.831501 -0.038619 0.098918 -0.031980 -0.205919 -0.062408
1.029404 -0.831774 -0.040337 0.098384 -0.033390 -0.204577 -0.065222
1.037773 -0.832060 -0.042043 0.097827 -0.034789 -0.203175 -0.068022
1.046142 -0.832357 -0.043738 0.097246 -0.036176 -0.201715 -0.070808
1.054512 -0.832665 -0.045420 0.096641 -0.037551 -0.200196 -0.073580
1.062881 -0.832985 -0.047088 0.096014 -0.038914 -0.198620 -0.076337
1.071250 -0.833317 -0.048744 0.095364 -0.040263 -0.196986 -0.079077
1.079619 -0.833659 -0.050386 0.094690 -0.041599 -0.195294 -0.081802
1.087988 -0.834013 -0.052013 0.093994 -0.042921 -0.193546 -0.084510
1.096357 -0.834377 -0.053625 0.093276 -0.044228 -0.191741 -0.087200
1.104726 -0.834753 -0.055222 0.092535 -0.045520 -0.189880 -0.089873
1.113096 -0.835139 -0.056803 0.091772 -0.046797 -0.187963 -0.092527
1.121465 -0.835536 -0.058368 0.090986 -0.048058 -0.185990 -0.095162
1.129834 -0.835944 -0.059916 0.090179 -0.049302 -0.183962 -0.097778
1.138203 -0.836362 -0.061447 0.089350 -0.050530 -0.181880 -0.100373
1.146572 -0.836789 -0.062960 0.088499 -0.051740 -0.179744 -0.102948
1.154941 -0.837228 -0.064455 0.087627 -0.052933 -0.177553 -0.105502
1.163310 -0.837675 -0.065932 0.086733 -0.054107 -0.175309 -0.108034
1.171680 -0.838133 -0.067390 0.085818 -0.055263 -0.173013 -0.110544
1.180049 -0.838600 -0.068828 0.084883 -0.056400 -0.170663 -0.113031
1.188418 -0.839077 -0.070246 0.083926 -0.057517 -0.168262 -0.115495
1.196787 -0.839563 -0.071644 0.082950 -0.058615 -0.165809 -0.117936
1.205156 -0.840058 -0.073021 0.081952 -0.059692 -0.163304 -0.120352
1.213525 -0.840562 -0.074377 0.080935 -0.060748 -0.160749 -0.122743
1.221894 -0.841075 -0.075712 0.079898 -0.061783 -0.158144 -0.125109
1.230264 -0.841596 -0.077024 0.078841 -0.062797 -0.155489 -0.127449
1.238633 -0.842126 -0.078314 0.077765 -0.063788 -0.152784 -0.129763
1.247002 -0.842664 -0.079582 0.076669 -0.064757 -0.150031 -0.132050
1.255371 -0.843210 -0.080825 0.075555 -0.065704 -0.147229 -0.134310
1.263740 -0.843764 -0.082046 0.074421 -0.066627 -0.144379 -0.136542
1.272109 -0.844325 -0.083242 0.073269 -0.067527 -0.141482 -0.138745
1.280478 -0.844894 -0.084414 0.072099 -0.068402 -0.138538 -0.140920
1.288848 -0.845470 -0.085561 0.070911 -0.069253 -0.135547 -0.143065
1.297217 -0.846053 -0.086682 0.069704 -0.070080 -0.132511 -0.145180
1.305586 -0.846643 -0.087779 0.068481 -0.070881 -0.129429 -0.147265
1.313955 -0.847239 -0.088849 0.067239 -0.071658 -0.126302 -0.149319
1.322324 -0.847842 -0.089893 0.065981 -0.072408 -0.123130 -0.151342
1.330693 -0.848451 -0.090910 0.064706 -0.073132 -0.119915 -0.153332
1.339062 -0.849066 -0.091900 0.063415 -0.073830 -0.116656 -0.155290
1.347431 -0.849687 -0.092862 0.062107 -0.074501 -0.113354 -0.157215
1.355801 -0.850313 -0.093797 0.060783 -0.075144 -0.110010 -0.159107
1.364170 -0.850945 -0.094703 0.059444 -0.075761 -0.106624 -0.160964
1.372539 -0.851581 -0.095581 0.058089 -0.076349 -0.103197 -0.162786
1.380908 -0.852222 -0.096431 0.056719 -0.076910 -0.099728 -0.164574
1.389277 -0.852868 -0.097251 0.055335 -0.077442 -0.096219 -0.166325
1.397646 -0.853519 -0.098041 0.053935 -0.077945 -0.092670 -0.168041
1.406015 -0.854173 -0.098802 0.052522 -0.078420 -0.089082 -0.169719
1.414385 -0.854831 -0.099532 0.051095 -0.078865 -0.085455 -0.171360
1.422754 -0.855493 -0.100232 0.049654 -0.079281 -0.081790 -0.172962
1.431123 -0.856158 -0.100901 0.048200 -0.079667 -0.078086 -0.174526
1.439492 -0.856826 -0.101539 0.046733 -0.080024 -0.074346 -0.176051
1.447861 -0.857497 -0.102145 0.045253 -0.080350 -0.070568 -0.177536
1.456230 -0.858171 -0.102720 0.043761 -0.080646 -0.066754 -0.178980
1.464599 -0.858847 -0.103263 0.042257 -0.080911 -0.062905 -0.180383
1.472969 -0.859525 -0.103773 0.040742 -0.081145 -0.059020 -0.181744
1.481338 -0.860205 -0.104250 0.039215 -0.081348 -0.055100 -0.183062
1.489707 -0.860887 -0.104695 0.037678 -0.081520 -0.051146 -0.184337
1.498076 -0.861570 -0.105106 0.036130 -0.081661 -0.047159 -0.185568
1.506445 -0.862254 -0.105484 0.034572 -0.081770 -0.043138 -0.186755
1.514814 -0.862938 -0.105828 0.033004 -0.081848 -0.039085 -0.187896
1.523183 -0.863624 -0.106138 0.031427 -0.081894 -0.035000 -0.188991
1.531553 -0.864309 -0.106414 0.029841 -0.081908 -0.030883 -0.190039
1.539922 -0.864995 -0.106655 0.028246 -0.081890 -0.026735 -0.191039
1.548291 -0.865680 -0.106861 0.026643 -0.081840 -0.022557 -0.191990
1.556660 -0.866364 -0.107033 0.025033 -0.081758 -0.018348 -0.192892
1.565029 -0.867048 -0.107168 0.023415 -0.081644 -0.014111 -0.193744
1.573398 -0.867731 -0.107269 0.021790 -0.081497 -0.009845 -0.194545
1.581767 -0.868412 -0.107333 0.020159 -0.081318 -0.005551 -0.195293
1.590137 -0.869092 -0.107362 0.018521 -0.081107 -0.001229 -0.195989
1.598506 -0.869770 -0.107354 0.016878 -0.080864 0.003119 -0.196630
1.606875 -0.870445 -0.107309 0.015230 -0.080589 0.007494 -0.197217
1.615244 -0.871119 -0.107228 0.013577 -0.080281 0.011894 -0.197747
1.623613 -0.871789 -0.107110 0.011920 -0.079941 0.016319 -0.198221
1.631982 -0.872456 -0.106955 0.010260 -0.079569 0.020768 -0.198636
1.640351 -0.873121 -0.106762 0.008596 -0.079166 0.025241 -0.198993
1.648721 -0.873782 -0.106532 0.006929 -0.078730 0.029736 -0.199289
1.657090 -0.874438 -0.106265 0.005260 -0.078263 0.034254 -0.199523
1.665459 -0.875091 -0.105959 0.003590 -0.077765 0.038793 -0.199695
1.673828 -0.875740 -0.105615 0.001918 -0.077235 0.043352 -0.199803
1.682197 -0.876384 -0.105233 0.000245 -0.076674 0.047930 -0.199845
1.690566 -0.877023 -0.104813 -0.001427 -0.076082 0.052527 -0.199822
1.698935 -0.877658 -0.104354 -0.003099 -0.075460 0.057142 -0.199730
1.707305 -0.878286 -0.103856 -0.004770 -0.074808 0.061774 -0.199570
1.715674 -0.878910 -0.103320 -0.006439 -0.074125 0.066421 -0.199339
1.724043 -0.879527 -0.102745 -0.008106 -0.073413 0.071083 -0.199036
1.732412 -0.880138 -0.102130 -0.009771 -0.072672 0.075759 -0.198660
1.740781 -0.880743 -0.101477 -0.011431 -0.071902 0.080448 -0.198209
1.749150 -0.881342 -0.100784 -0.013088 -0.071103 0.085147 -0.197682
1.757519 -0.881933 -0.100051 -0.014740 -0.070277 0.089856 -0.197076
1.765888 -0.882518 -0.099280 -0.016387 -0.069422 0.094575 -0.196392
1.774258 -0.883095 -0.098468 -0.018027 -0.068541 0.099300 -0.195626
1.782627 -0.883665 -0.097617 -0.019661 -0.067634 0.104031 -0.194778
1.790996 -0.884227 -0.096727 -0.021287 -0.066700 0.108766 -0.193846
1.799365 -0.884782 -0.095797 -0.022905 -0.065741 0.113504 -0.192828
1.807734 -0.885328 -0.094827 -0.024514 -0.064758 0.118243 -0.191722
1.816103 -0.885865 -0.093818 -0.026114 -0.063750 0.122981 -0.190527
1.824472 -0.886395 -0.092769 -0.027703 -0.062719 0.127716 -0.189242
1.832842 -0.886915 -0.091680 -0.029281 -0.061665 0.132446 -0.187863
1.841211 -0.887427 -0.090552 -0.030848 -0.060589 0.137169 -0.186391
1.849580 -0.887929 -0.089384 -0.032401 -0.059492 0.141883 -0.184822
1.857949 -0.888422 -0.088177 -0.033941 -0.058374 0.146586 -0.183156
1.866318 -0.888906 -0.086930 -0.035466 -0.057236 0.151274 -0.181391
1.874687 -0.889380 -0.085645 -0.036977 -0.056080 0.155946 -0.179524
1.883056 -0.889845 -0.084320 -0.038471 -0.054906 0.160599 -0.177556
1.891426 -0.890299 -0.082957 -0.039948 -0.053715 0.165230 -0.175483
1.899795 -0.890744 -0.081555 -0.041408 -0.052507 0.169835 -0.173304
1.908164 -0.891178 -0.080114 -0.042849 -0.051284 0.174413 -0.171019
1.916533 -0.891602 -0.078635 -0.044270 -0.050046 0.178959 -0.168624
1.924902 -0.892016 -0.077119 -0.045671 -0.048795 0.183470 -0.166121
1.933271 -0.892419 -0.075564 -0.047051 -0.047532 0.187943 -0.163506
1.941640 -0.892811 -0.073973 -0.048408 -0.046256 0.192374 -0.160779
1.950010 -0.893193 -0.072345 -0.049741 -0.044970 0.196759 -0.157939
1.958379 -0.893564 -0.070680 -0.051051 -0.043675 0.201094 -0.154984
1.966748 -0.893924 -0.068979 -0.052335 -0.042370 0.205375 -0.151915
1.975117 -0.894273 -0.067242 -0.053593 -0.041058 0.209598 -0.148731
1.983486 -0.894611 -0.065471 -0.054824 -0.039739 0.213759 -0.145430
1.991855 -0.894939 -0.063664 -0.056027 -0.038414 0.217852 -0.142014
2.000224 -0.895254 -0.061824 -0.057201 -0.037083 0.221874 -0.138481
2.008594 -0.895559 -0.059951 -0.058345 -0.035749 0.225819 -0.134832
2.016963 -0.895853 -0.058045 -0.059458 -0.034411 0.229683 -0.131068
2.025332 -0.896135 -0.056107 -0.060538 -0.033070 0.233461 -0.127188
2.033701 -0.896406 -0.054137 -0.061586 -0.031728 0.237147 -0.123194
2.042070 -0.896666 -0.052137 -0.062600 -0.030385 0.240737 -0.119087
2.050439 -0.896915 -0.050108 -0.063579 -0.029041 0.244224 -0.114868
2.058808 -0.897152 -0.048050 -0.064523 -0.027698 0.247605 -0.110539
2.067178 -0.897379 -0.045964 -0.065429 -0.026356 0.250874 -0.106102
2.075547 -0.897593 -0.043851 -0.066298 -0.025015 0.254026 -0.101559
2.083916 -0.897797 -0.041712 -0.067129 -0.023676 0.257055 -0.096913
2.092285 -0.897990 -0.039549 -0.067920 -0.022340 0.259956 -0.092166
2.100654 -0.898171 -0.037361 -0.068671 -0.021006 0.262724 -0.087322
2.109023 -0.898341 -0.035152 -0.069382 -0.019675 0.265355 -0.082384
2.117392 -0.898501 -0.032920 -0.070050 -0.018348 0.267842 -0.077357
2.125761 -0.898649 -0.030669 -0.070676 -0.017024 0.270182 -0.072244
2.134131 -0.898785 -0.028398 -0.071259 -0.015704 0.272371 -0.067050
2.142500 -0.898911 -0.026110 -0.071798 -0.014388 0.274402 -0.061780
2.150869 -0.899026 -0.023806 -0.072293 -0.013075 0.276273 -0.056438
2.159238 -0.899130 -0.021486 -0.072743 -0.011765 0.277980 -0.051031
2.167607 -0.899223 -0.019153 -0.073147 -0.010459 0.279519 -0.045564
2.175976 -0.899305 -0.016808 -0.073505 -0.009156 0.280887 -0.040043
2.184345 -0.899377 -0.014452 -0.073817 -0.007856 0.282080 -0.034474
2.192715 -0.899437 -0.012087 -0.074082 -0.006558 0.283096 -0.028863
2.201084 -0.899486 -0.009714 -0.074300 -0.005263 0.283933 -0.023217
2.209453 -0.899525 -0.007335 -0.074471 -0.003969 0.284589 -0.017543
2.217822 -0.899553 -0.004951 -0.074594 -0.002677 0.285063 -0.011847
2.226191 -0.899570 -0.002564 -0.074669 -0.001385 0.285353 -0.006137
2.234560 -0.899576 -0.000175 -0.074696 -0.000095 0.285459 -0.000420
2.242929 -0.899571 0.002214 -0.074676 0.001196 0.285380 0.005299
2.251299 -0.899556 0.004601 -0.074608 0.002487 0.285117 0.011010
2.259668 -0.899530 0.006985 -0.074492 0.003779 0.284670 0.016708
2.268037 -0.899493 0.009365 -0.074328 0.005073 0.284041 0.022386
2.276406 -0.899445 0.011739 -0.074117 0.006368 0.283230 0.028036
2.284775 -0.899386 0.014106 -0.073859 0.007665 0.282240 0.033653
2.293144 -0.899316 0.016463 -0.073554 0.008965 0.281073 0.039228
2.301513 -0.899236 0.018810 -0.073202 0.010267 0.279731 0.044757
2.309883 -0.899145 0.021145 -0.072805 0.011573 0.278217 0.050232
2.318252 -0.899042 0.023466 -0.072362 0.012882 0.276534 0.055649
2.326621 -0.898929 0.025773 -0.071874 0.014195 0.274687 0.061000
2.334990 -0.898805 0.028064 -0.071341 0.015511 0.272679 0.066281
2.343359 -0.898669 0.030337 -0.070764 0.016830 0.270513 0.071487
2.351728 -0.898523 0.032591 -0.070145 0.018154 0.268195 0.076612
2.360097 -0.898365 0.034825 -0.069482 0.019480 0.265729 0.081652
2.368467 -0.898197 0.037038 -0.068778 0.020810 0.263119 0.086603
2.376836 -0.898017 0.039229 -0.068033 0.022144 0.260371 0.091461
2.385205 -0.897826 0.041396 -0.067247 0.023480 0.257489 0.096222
2.393574 -0.897624 0.043539 -0.066423 0.024818 0.254478 0.100884
2.401943 -0.897411 0.045655 -0.065559 0.026159 0.251344 0.105442
2.410312 -0.897186 0.047745 -0.064658 0.027501 0.248092 0.109895
2.418681 -0.896950 0.049808 -0.063720 0.028844 0.244727 0.114240
2.427051 -0.896703 0.051841 -0.062746 0.030188 0.241255 0.118475
2.435420 -0.896445 0.053846 -0.061737 0.031531 0.237680 0.122599
2.443789 -0.896176 0.055820 -0.060694 0.032873 0.234008 0.126609
2.452158 -0.895895 0.057762 -0.059618 0.034214 0.230243 0.130506
2.460527 -0.895603 0.059673 -0.058510 0.035552 0.226392 0.134287
2.468896 -0.895300 0.061551 -0.057371 0.036888 0.222458 0.137953
2.477265 -0.894986 0.063397 -0.056201 0.038219 0.218447 0.141503
2.485634 -0.894660 0.065208 -0.055003 0.039545 0.214364 0.144936
2.494004 -0.894324 0.066984 -0.053776 0.040865 0.210213 0.148254
2.502373 -0.893976 0.068726 -0.052522 0.042178 0.205999 0.151455
2.510742 -0.893618 0.070432 -0.051241 0.043484 0.201726 0.154541
2.519111 -0.893248 0.072103 -0.049935 0.044781 0.197398 0.157512
2.527480 -0.892868 0.073736 -0.048605 0.046068 0.193020 0.160369
2.535849 -0.892477 0.075333 -0.047251 0.047345 0.188596 0.163113
2.544218 -0.892076 0.076893 -0.045875 0.048611 0.184129 0.165744
2.552588 -0.891664 0.078415 -0.044477 0.049864 0.179623 0.168264
2.560957 -0.891241 0.079899 -0.043059 0.051103 0.175082 0.170674
2.569326 -0.890808 0.081346 -0.041621 0.052328 0.170509 0.172975
2.577695 -0.890365 0.082753 -0.040164 0.053538 0.165907 0.175170
2.586064 -0.889912 0.084123 -0.038689 0.054732 0.161280 0.177258
2.594433 -0.889449 0.085453 -0.037197 0.055909 0.156630 0.179242
2.602802 -0.888976 0.086744 -0.035689 0.057068 0.151961 0.181123
2.611172 -0.888494 0.087996 -0.034166 0.058208 0.147275 0.182903
2.619541 -0.888002 0.089209 -0.032628 0.059329 0.142574 0.184584
2.627910 -0.887501 0.090383 -0.031076 0.060429 0.137862 0.186167
2.636279 -0.886991 0.091517 -0.029512 0.061508 0.133140 0.187653
2.644648 -0.886472 0.092611 -0.027936 0.062565 0.128411 0.189045
2.653017 -0.885944 0.093666 -0.026348 0.063600 0.123676 0.190345
2.661386 -0.885407 0.094681 -0.024750 0.064611 0.118939 0.191553
2.669756 -0.884862 0.095657 -0.023142 0.065598 0.114200 0.192671
2.678125 -0.884309 0.096593 -0.021525 0.066561 0.109462 0.193702
2.686494 -0.883748 0.097489 -0.019900 0.067498 0.104726 0.194647
2.694863 -0.883179 0.098346 -0.018267 0.068410 0.099994 0.195507
2.703232 -0.882603 0.099163 -0.016628 0.069295 0.095268 0.196285
2.711601 -0.882020 0.099941 -0.014982 0.070153 0.090548 0.196981
2.719970 -0.881429 0.100679 -0.013331 0.070984 0.085838 0.197598
2.728340 -0.880832 0.101377 -0.011675 0.071786 0.081136 0.198136
2.736709 -0.880227 0.102037 -0.010015 0.072561 0.076447 0.198598
2.745078 -0.879617 0.102657 -0.008351 0.073306 0.071769 0.198985
2.753447 -0.879001 0.103238 -0.006684 0.074023 0.067105 0.199299
2.761816 -0.878378 0.103780 -0.005015 0.074709 0.062455 0.199540
2.770185 -0.877750 0.104283 -0.003344 0.075366 0.057821 0.199711
2.778554 -0.877117 0.104748 -0.001672 0.075993 0.053203 0.199813
2.786924 -0.876478 0.105174 0.000000 0.076589 0.048604 0.199846


