10 2.88657986402540700000E-015 
20 3.68594044175551970000E-014 
30 4.52970994047063870000E-014 
40 1.46660461552983180000E-013 
50 2.78665979180914290000E-013 
60 1.23456800338317410000E-013 
70 3.15303338993544460000E-013 
80 3.14637205178769360000E-013 
90 2.23598917159506530000E-013 
100 4.53859172466763990000E-013 
110 5.30464561165899800000E-013 
120 1.43884903991420290000E-013 
130 1.62314606200197890000E-013 
140 5.51336754028852740000E-013 
150 1.78812520346127710000E-012 
160 1.70752301187349080000E-013 
170 3.35176331134334760000E-012 
180 1.21835874722364680000E-012 
190 4.16111589629508670000E-013 
200 7.05213665241899430000E-013 
210 6.22946139117175330000E-013 
220 7.35855820721553750000E-013 
230 4.00235400377368930000E-013 
240 2.93973734244445950000E-011 
250 3.18522985764957410000E-013 
260 9.82991466003113600000E-013 
270 5.41233724504763810000E-013 
280 6.73128219830232410000E-013 
290 4.69624339416441220000E-013 
300 1.37158062685216460000E-011 
310 1.52378110129802740000E-012 
320 1.77879933005442580000E-012 
330 3.51219053840168270000E-012 
340 2.54527510179514140000E-011 
350 2.07678318986381780000E-012 
360 1.79412040779425300000E-012 
370 1.66608948859447990000E-011 
380 1.08779651952772840000E-012 
390 1.46882506157908210000E-012 
400 6.63402666134516040000E-012 
410 3.37174732578660040000E-012 
420 3.51296769451892030000E-012 
430 3.49231754626089240000E-012 
440 1.95887750464862620000E-012 
450 5.21065413039423220000E-011 
460 1.46092027364375100000E-011 
470 3.42592620938830810000E-012 
480 2.34889885319944370000E-012 
490 6.53666010208553420000E-012 
500 8.18167755767262860000E-012 
510 1.62914126633495470000E-012 
520 7.33813010356243470000E-012 
530 1.35336186701806580000E-012 
540 4.09405842560772730000E-012 
550 2.60302890353614200000E-012 
560 2.30276908652626840000E-011 
570 5.23614485103962580000E-012 
580 9.21729359504297460000E-012 
590 6.88726853326215860000E-012 
600 1.73350223064971940000E-012 
610 1.02062802653790640000E-012 
620 7.00639546380443790000E-012 
630 1.45838896514760560000E-012 
640 4.77240469365369790000E-012 
650 8.07673927738505880000E-011 
660 5.73709968421098890000E-011 
670 7.79776243575724950000E-012 
680 7.60558283019463490000E-012 
690 7.42383932106349680000E-012 
700 2.05139238929064050000E-011 
710 6.72950584146292390000E-012 
720 3.33688632281337050000E-012 
730 2.45736764270532150000E-012 
740 1.17010623412738820000E-010 
750 7.67297336778938190000E-012 
760 1.04336539408222960000E-011 
770 2.86759505030431680000E-011 
780 9.38316091492197300000E-012 
790 3.14859249783694390000E-011 
800 3.73456821023410160000E-012 
810 3.18067794324861100000E-011 
820 3.40671935106229280000E-012 
830 3.07709413505108390000E-011 
840 7.02371494298859030000E-012 
850 7.19735382403996480000E-012 
860 4.63056260002758790000E-011 
870 2.99327229669188450000E-012 
880 2.20732321309924370000E-011 
890 8.58346727028447280000E-012 
900 2.27351470982739560000E-012 
910 7.92943488647779300000E-012 
920 8.45434833252056710000E-012 
930 3.71114250441451080000E-012 
940 1.47414302986703660000E-011 
950 5.94546634147263830000E-011 
960 7.70039587649762320000E-012 
970 2.83904011411095780000E-011 
980 4.80027129157178930000E-012 
990 3.77604614243409740000E-011 
1000 1.17950094136176630000E-011 
