10 0.00000000000000000000E+000 1.#INF0000000000000000E+000
20 0.00000000000000000000E+000 1.#INF0000000000000000E+000
30 0.00000000000000000000E+000 1.#INF0000000000000000E+000
40 0.00000000000000000000E+000 1.#INF0000000000000000E+000
50 1.00000000000000000000E-003 6.41025641025640970000E-002
60 1.00000000000000000000E-003 1.10769230769230760000E-001
70 1.00000000000000000000E-003 1.75897435897435870000E-001
80 1.00000000000000000000E-003 2.62564102564102510000E-001
90 3.00000000000000010000E-003 1.24615384615384600000E-001
100 2.00000000000000000000E-003 2.56410256410256390000E-001
110 4.00000000000000010000E-003 1.70641025641025620000E-001
120 5.00000000000000010000E-003 1.77230769230769220000E-001
130 5.00000000000000010000E-003 2.25333333333333300000E-001
140 6.00000000000000010000E-003 2.34529914529914510000E-001
150 8.00000000000000020000E-003 2.16346153846153830000E-001
160 8.99999999999999930000E-003 2.33390313390313380000E-001
170 1.20000000000000000000E-002 2.09957264957264940000E-001
180 1.20000000000000000000E-002 2.49230769230769200000E-001
190 1.49999999999999990000E-002 2.34495726495726480000E-001
200 1.79999999999999990000E-002 2.27920227920227920000E-001
210 2.10000000000000010000E-002 2.26153846153846120000E-001
220 2.40000000000000000000E-002 2.27521367521367510000E-001
230 2.70000000000000000000E-002 2.31092117758784410000E-001
240 3.10000000000000000000E-002 2.28684863523573170000E-001
250 3.50000000000000030000E-002 2.28937728937728900000E-001
260 3.90000000000000000000E-002 2.31111111111111100000E-001
270 4.49999999999999980000E-002 2.24307692307692290000E-001
280 5.09999999999999970000E-002 2.20734037204625420000E-001
290 5.50000000000000000000E-002 2.27403263403263390000E-001
300 6.20000000000000000000E-002 2.23325062034739420000E-001
310 7.09999999999999940000E-002 2.15175153485012650000E-001
320 7.19999999999999950000E-002 2.33390313390313380000E-001
330 8.10000000000000030000E-002 2.27521367521367510000E-001
340 8.69999999999999940000E-002 2.31676982021809610000E-001
350 1.06000000000000000000E-001 2.07426221577164950000E-001
360 1.05000000000000000000E-001 2.27868131868131850000E-001
370 1.14000000000000000000E-001 2.27858749437696770000E-001
380 1.23000000000000000000E-001 2.28776318532416090000E-001
390 1.34000000000000010000E-001 2.27014925373134310000E-001
400 1.45999999999999990000E-001 2.24798033017211100000E-001
410 1.53000000000000000000E-001 2.31007206301323930000E-001
420 1.65000000000000010000E-001 2.30265734265734240000E-001
430 1.76999999999999990000E-001 2.30354918151528310000E-001
440 1.91000000000000000000E-001 2.28712578869646910000E-001
450 2.03999999999999990000E-001 2.29072398190045240000E-001
460 2.17000000000000000000E-001 2.30027177123951290000E-001
470 2.36999999999999990000E-001 2.24652169209131230000E-001
480 2.49000000000000000000E-001 2.27766450417052820000E-001
490 2.63000000000000010000E-001 2.29402359364336530000E-001
500 2.79000000000000030000E-001 2.29758294274423260000E-001
510 2.96999999999999990000E-001 2.29044289044289030000E-001
520 3.13000000000000000000E-001 2.30372736954206570000E-001
530 3.33000000000000020000E-001 2.29270809270809230000E-001
540 3.67999999999999990000E-001 2.19431438127090290000E-001
550 3.79000000000000000000E-001 2.25120086597659140000E-001
560 4.04000000000000030000E-001 2.22919522721502890000E-001
570 4.15999999999999980000E-001 2.28295118343195270000E-001
580 4.47000000000000010000E-001 2.23842138473010930000E-001
590 4.66000000000000030000E-001 2.26014086057004490000E-001
600 4.65000000000000020000E-001 2.38213399503722060000E-001
610 4.95000000000000000000E-001 2.35152551152551130000E-001
620 5.33000000000000030000E-001 2.29304853995285470000E-001
630 5.67999999999999950000E-001 2.25755687973997840000E-001
640 5.85999999999999970000E-001 2.29407543537236360000E-001
650 6.10999999999999990000E-001 2.30496453900709190000E-001
660 6.60000000000000030000E-001 2.23384615384615350000E-001
670 6.72000000000000040000E-001 2.29519993894993860000E-001
680 7.02999999999999960000E-001 2.29370098843783040000E-001
690 7.41999999999999990000E-001 2.27043334024466080000E-001
700 7.55000000000000000000E-001 2.32976736287994530000E-001
710 8.00000000000000040000E-001 2.29430128205128180000E-001
720 8.29999999999999960000E-001 2.30613531047265980000E-001
730 8.67999999999999990000E-001 2.29833983221079980000E-001
740 9.10000000000000030000E-001 2.28359537897999400000E-001
750 9.45999999999999950000E-001 2.28695722881769400000E-001
760 9.81999999999999980000E-001 2.29242258081361920000E-001
770 1.02200000000000000000E+000 2.29079733052335750000E-001
780 1.07500000000000000000E+000 2.26381395348837190000E-001
790 1.10200000000000010000E+000 2.29437851924240270000E-001
800 1.15900000000000000000E+000 2.26543660538483630000E-001
810 1.19400000000000000000E+000 2.28252802473908000000E-001
820 1.23400000000000000000E+000 2.29135186801313200000E-001
830 1.28299999999999990000E+000 2.28545676199612270000E-001
840 1.33700000000000000000E+000 2.27337897704389840000E-001
850 1.37500000000000000000E+000 2.29044289044289030000E-001
860 1.43300000000000010000E+000 2.27622166156709050000E-001
870 1.49100000000000010000E+000 2.26488159727596310000E-001
880 1.50600000000000000000E+000 2.32053665679163660000E-001
890 1.53699999999999990000E+000 2.35213119129840000000E-001
900 1.62100000000000000000E+000 2.30626868504721670000E-001
910 1.67700000000000000000E+000 2.30439276485788070000E-001
920 1.76099999999999990000E+000 2.26761601071652160000E-001
930 1.81400000000000010000E+000 2.27392926808582780000E-001
940 1.86500000000000000000E+000 2.28386333952017570000E-001
950 1.93599999999999990000E+000 2.27107173129900390000E-001
960 1.93399999999999990000E+000 2.34597088537109200000E-001
970 2.04499999999999990000E+000 2.28869161808037100000E-001
980 2.06999999999999980000E+000 2.33170320822494730000E-001
990 2.11700000000000000000E+000 2.35044511463972950000E-001
1000 2.20500000000000010000E+000 2.32571661143089690000E-001
